18off:
1111 0010 0000 1101 0000 0011 1111 1100 0000 0001 0001 0000 0000 0111 1000 0000 1001 0110 ?$ 1100 1000 0011 0100 0000 1111 1111 0000 0000 0100 0100 0000 0001 1110 0000 0010 0101 10? 
18on:
1111 0010 0000 1101 0000 0011 1111 1100 0000 0001 0001 0000 0000 0010 1000 0000 1001 0011 ?$ 1100 1000 0011 0100 0000 1111 1111 0000 0000 0100 0100 0000 0000 1010 0000 0010 0100 11? 
19off:
1111 0010 0000 1101 0000 0011 1111 1100 0000 0001 0010 0000 0000 0111 1000 0000 1010 0110 ?$ 1100 1000 0011 0100 0000 1111 1111 0000 0000 0100 1000 0000 0001 1110 0000 0010 1001 10? 
19on:
1111 0010 0000 1101 0000 0011 1111 1100 0000 0001 0010 0000 0000 0010 1000 0000 1010 0011 ?$ 1100 1000 0011 0100 0000 1111 1111 0000 0000 0100 1000 0000 0000 1010 0000 0010 1000 11? 
25off:
1111 0010 0000 1101 0000 0011 1111 1100 0000 0001 1000 0000 0000 0111 1000 0000 0000 0110 ?$ 1100 1000 0011 0100 0000 1111 1111 0000 0000 0110 0000 0000 0001 1110 0000 0000 0001 10? 
25on:
1111 0010 0000 1101 0000 0011 1111 1100 0000 0001 1000 0000 0000 0010 1000 0000 0000 0011 ?$ 1100 1000 0011 0100 0000 1111 1111 0000 0000 0110 0000 0000 0000 1010 0000 0000 0000 11? 
